[U, S, V] = svd(p);
V(:,12)

ans =

   -0.1925
   -0.0283
   -0.0786
   -0.7346
   -0.0000
   -0.2044
   -0.0001
   -0.6120
   -0.0000
   -0.0001
   -0.0003
   -0.0024

V

V =

  Columns 1 through 10

   -0.0007    0.0011    0.0005   -0.0000    0.3760   -0.3035    0.5081   -0.3673   -0.1650    0.4118
   -0.0006   -0.0010    0.0009   -0.0019    0.4228   -0.1703   -0.3544    0.3820   -0.5096    0.3689
    0.0008   -0.0000    0.0012    0.0010    0.3144    0.5119    0.1823   -0.2205   -0.5270   -0.5185
   -0.0002    0.0003    0.0002    0.0017   -0.0000    0.0000   -0.1786    0.4073    0.0038   -0.1900
   -0.0005    0.0008    0.0005   -0.0023   -0.3837    0.4301   -0.3967   -0.3212   -0.3088    0.4623
   -0.0006   -0.0008    0.0007    0.0007   -0.5333    0.1127    0.5876    0.3322   -0.2765    0.2035
    0.0007    0.0002    0.0010   -0.0001   -0.3866   -0.6475   -0.1620   -0.2582   -0.4585   -0.3575
   -0.0003   -0.0002    0.0002    0.0015   -0.0000    0.0000   -0.1488   -0.4736    0.2309    0.0802
    0.5002   -0.7382   -0.3681    0.2635   -0.0000    0.0000   -0.0002   -0.0008   -0.0009    0.0015
    0.5001    0.6669   -0.5153    0.1989   -0.0000   -0.0000   -0.0002    0.0007   -0.0013    0.0010
   -0.6461   -0.0820   -0.7565   -0.0601    0.0000    0.0000    0.0001   -0.0005   -0.0014   -0.0012
    0.2868   -0.0604   -0.1635   -0.9420    0.0000   -0.0000    0.0017    0.0000    0.0010   -0.0017

  Columns 11 through 12

    0.3737   -0.1925
   -0.3523   -0.0283
   -0.0670   -0.0786
    0.4759   -0.7346
    0.3132   -0.0000
   -0.2960   -0.2044
    0.0210   -0.0001
   -0.5650   -0.6120
    0.0011   -0.0000
   -0.0010   -0.0001
   -0.0001   -0.0003
   -0.0002   -0.0024

M = reshape(V(:,12), [3, 4]);
M = reshape(V(:,12), [4, 3]);
M = M.'

M =

   -0.1925   -0.0283   -0.0786   -0.7346
   -0.0000   -0.2044   -0.0001   -0.6120
   -0.0000   -0.0001   -0.0003   -0.0024

[U_1, S_1, V_1] = svd(M);
V_1(:,4)

ans =

   -0.0000
   -0.3380
   -0.9344
    0.1130

diary off
diary off
createP

M =

   -0.1925   -0.0283   -0.0786   -0.7346
   -0.0000   -0.2044   -0.0001   -0.6120
   -0.0000   -0.0001   -0.0003   -0.0024

diary off
