part2

i2_x =

   66.4908
   91.5599
  522.1590
  533.9562


i2_y =

  411.4781
   75.1277
   77.9307
  419.8869


i9_x =

  131.3756
  138.7488
  554.6014
  570.8226


i9_y =

  421.2883
   20.4708
   75.1277
  393.2591


i12_x =

  104.8318
  113.6797
  508.8871
  528.0576


i12_y =

  391.8577
   90.5438
   21.8723
  414.2810


i20_x =

  128.4263
  178.5645
  517.7350
  582.6198


i20_y =

  276.9380
   82.1350
   77.9307
  272.7336

B = [b(1), b(2), b(4); b(2), b(3), b(5); b(4), b(5), b(6)]

B =

   -0.0000   -0.0000    0.0004
   -0.0000   -0.0000    0.0003
    0.0004    0.0003   -1.0000

v0 = (b(2).*b(4) - b(1).*b(5))/(b(1).*b(3) - b(2)^2)

v0 =

  220.6540

lambda = b(6) - (b(4)^2 + v0.*(b(2).*b(4) - b(1).*b(5)))/b(1)

lambda =

   -0.7874

aplha = sqrt(lambda/b(1))

aplha =

  737.6356

beta = sqrt(lambda .* b(1) / (b(1)*b(3) - b(2)^2))

beta =

  720.8217

gamma = -b(2)*alpha^2*beta/lambda
{Error using <a href="matlab:matlab.internal.language.introspective.errorDocCallback('alpha')" style="font-weight:bold">alpha</a>
Too many output arguments.
} 
gamma = -b(2)*aplha^2*beta/lambda

gamma =

   -0.7799

u0 = gamma*v0/aplha - b(4)aplha^2/lambda
 u0 = gamma*v0/aplha - b(4)aplha^2/lambda
                           
{Error: Unexpected MATLAB expression.
} 
u0 = gamma*v0/aplha - b(4)*aplha^2/lambda

u0 =

  309.4974

A = [aplha, gamma, u0; 0, beta, v0; 0, 0, 1]

A =

  737.6356   -0.7799  309.4974
         0  720.8217  220.6540
         0         0    1.0000

r2_1 = lambda .* inv(A) * H2(;,1)
 r2_1 = lambda .* inv(A) * H2(;,1)
                              
{Error: Unbalanced or unexpected parenthesis or bracket.
} 
r2_1 = lambda .* inv(A) * H2(:,1)

r2_1 =

   -1.0260
   -0.0120
    0.0256

r2_2 = lambda .* inv(A) * H2(:,2)

r2_2 =

   -0.0174
    1.0147
   -0.1787

r2_3 = cross(r2_1, r2_2)

r2_3 =

   -0.0238
   -0.1838
   -1.0413

R = [r2_1, r2_2, r2_3]

R =

   -1.0260   -0.0174   -0.0238
   -0.0120    1.0147   -0.1838
    0.0256   -0.1787   -1.0413

R2 = [r2_1, r2_2, r2_3]

R2 =

   -1.0260   -0.0174   -0.0238
   -0.0120    1.0147   -0.1838
    0.0256   -0.1787   -1.0413

t2 = lambda .* inv(A) * H2(:,3)

t2 =

    0.1450
   -0.1166
   -0.4404

r29_1 = lambda .* inv(A) * H9(:,1)

r29_1 =

    0.9912
    0.0374
    0.3889

r9_1 = lambda .* inv(A) * H9(:,1)

r9_1 =

    0.9912
    0.0374
    0.3889

r9_2 = lambda .* inv(A) * H9(:,2)

r9_2 =

   -0.0114
   -1.0586
    0.1240

r9_3 = cross(r9_1, r9_2)

r9_3 =

    0.4163
   -0.1274
   -1.0489

R9 = [r9_1, r9_2, r9_3]

R9 =

    0.9912   -0.0114    0.4163
    0.0374   -1.0586   -0.1274
    0.3889    0.1240   -1.0489

t9  = lambda .* inv(A) * H9(:,3)

t9 =

   -0.0933
    0.1077
    0.3868

r12_1 = lambda .* inv(A) * H12(:,1)

r12_1 =

    0.9255
   -0.0628
   -0.4472

r12_2 = lambda .* inv(A) * H12(:,2)

r12_2 =

   -0.0099
   -1.0164
    0.1402

r9_3 = cross(r9_1, r9_2)

r9_3 =

    0.4163
   -0.1274
   -1.0489

r9_3 = cross(r9_1, r9_2)

r9_3 =

    0.4163
   -0.1274
   -1.0489

r12_3 = cross(r12_1, r12_2)

r12_3 =

   -0.4633
   -0.1254
   -0.9414

R12 = [r12_1, r12_2, r12_3]

R12 =

    0.9255   -0.0099   -0.4633
   -0.0628   -1.0164   -0.1254
   -0.4472    0.1402   -0.9414

t12 = ambda .* inv(A) * H12(:,3)
{Undefined function or variable 'ambda'.
} 
t12 = lambda .* inv(A) * H12(:,3)

t12 =

   -0.1380
    0.1183
    0.4979

r20_1 = lambda .* inv(A) * H20(:,1)

r20_1 =

    0.9193
   -0.0095
   -0.0109

r12_2 = lambda .* inv(A) * H12(:,2)

r12_2 =

   -0.0099
   -1.0164
    0.1402

r20_2 = lambda .* inv(A) * H20(:,2)

r20_2 =

    0.0148
   -0.6462
    0.6512

r20_3 = cross(r20_1, r20_2)

r20_3 =

   -0.0133
   -0.5988
   -0.5939

R20 = [r20_1, r20_2, r20_3]

R20 =

    0.9193    0.0148   -0.0133
   -0.0095   -0.6462   -0.5988
   -0.0109    0.6512   -0.5939

t20 = lambda * inv(A) * H20(:,3)

t20 =

   -0.0994
    0.0316
    0.4049

R2 * inv(R2)

ans =

    1.0000   -0.0000    0.0000
   -0.0000    1.0000   -0.0000
    0.0000    0.0000    1.0000

R2 * R2'

ans =

    1.0536   -0.0010    0.0017
   -0.0010    1.0636    0.0097
    0.0017    0.0097    1.1169

[U2, S2, v2] = svd(R2);
newR2 = U2*V2'
{Undefined function or variable 'V2'.
} 
[U2, S2, V2] = svd(R2);
newR2 = U2*V2'

newR2 =

   -0.9996   -0.0164   -0.0225
   -0.0122    0.9847   -0.1737
    0.0250   -0.1734   -0.9845

newR2*newR2'

ans =

    1.0000   -0.0000    0.0000
   -0.0000    1.0000    0.0000
    0.0000    0.0000    1.0000

R9*R9'

ans =

    1.1560   -0.0038   -0.0526
   -0.0038    1.1382    0.0169
   -0.0526    0.0169    1.2668

[U9, S9, V9] = svd(R9);
newR9 = U9 * V9'

newR9 =

    0.9303   -0.0096    0.3666
    0.0339   -0.9931   -0.1121
    0.3651    0.1168   -0.9236

newR9 * newR9'

ans =

    1.0000   -0.0000   -0.0000
   -0.0000    1.0000    0.0000
   -0.0000    0.0000    1.0000

R12 * R12'

ans =

    1.0714    0.0100    0.0209
    0.0100    1.0528    0.0036
    0.0209    0.0036    1.1058

[U12, S12, V12] = svd(R12);
newR12 = U12 * V12'

newR12 =

    0.8987   -0.0062   -0.4385
   -0.0647   -0.9908   -0.1186
   -0.4337    0.1350   -0.8909

newR12 * newR12'

ans =

    1.0000   -0.0000    0.0000
   -0.0000    1.0000    0.0000
    0.0000    0.0000    1.0000

R20 * R20'

ans =

    0.8455   -0.0104    0.0075
   -0.0104    0.7762   -0.0651
    0.0075   -0.0651    0.7769

[U20, S20, V20] = svd(R20);
newR20 = U20 * V20' 

newR20 =

    0.9998    0.0086   -0.0157
   -0.0051   -0.7043   -0.7099
   -0.0172    0.7099   -0.7041

newR20 * newR20'

ans =

    1.0000    0.0000    0.0000
    0.0000    1.0000   -0.0000
    0.0000   -0.0000    1.0000

r9_3 = cross(r9_1, r9_2)

r9_3 =

    0.4163
   -0.1274
   -1.0489

zeros([1,10])

ans =

     0     0     0     0     0     0     0     0     0     0

prjGridCorner
{Error using <a href="matlab:matlab.internal.language.introspective.errorDocCallback('image')" style="font-weight:bold">image</a>
Invalid datatype for Image CData. Numeric or logical matrix required for image CData.

Error in <a href="matlab:matlab.internal.language.introspective.errorDocCallback('imagesc', '/Applications/MATLAB_R2015b.app/toolbox/matlab/specgraph/imagesc.m', 18)" style="font-weight:bold">imagesc</a> (<a href="matlab: opentoline('/Applications/MATLAB_R2015b.app/toolbox/matlab/specgraph/imagesc.m',18,0)">line 18</a>)
    hh = image(varargin{1},'CDataMapping','scaled');

Error in <a href="matlab:matlab.internal.language.introspective.errorDocCallback('prjGridCorner', '/Users/zhangtianyao/Documents/ComputerVision/HW3/prjGridCorner.m', 13)" style="font-weight:bold">prjGridCorner</a> (<a href="matlab: opentoline('/Users/zhangtianyao/Documents/ComputerVision/HW3/prjGridCorner.m',13,0)">line 13</a>)
imagesc('images2.png')
} 
matlab.internal.language.introspective.errorDocCallback('image')
prjGridCorner
{Error using <a href="matlab:matlab.internal.language.introspective.errorDocCallback('figure')" style="font-weight:bold">figure</a>
Invalid convenience arg handle

Error in <a href="matlab:matlab.internal.language.introspective.errorDocCallback('prjGridCorner', '/Users/zhangtianyao/Documents/ComputerVision/HW3/prjGridCorner.m', 14)" style="font-weight:bold">prjGridCorner</a> (<a href="matlab: opentoline('/Users/zhangtianyao/Documents/ComputerVision/HW3/prjGridCorner.m',14,0)">line 14</a>)
figure hold
} 
prjGridCorner
prjGridCorner
prjGridCorner
prjGridCorner
imagesc(i2)
imshow(i2)
i2 = imread('images2.png');
imagesc(i2)
imagesc(i2)
imagesc(i2)
hold off
imagesc(i2)
imagesc(i9)
imagesc(i20)
figure;
imagesc(i2)
hold on
imagesc(i2)
hold off
imagesc(i2)
diary off
diary off

>> part2

i2_x =

   66.4908
   91.5599
  523.6336
  533.9562


i2_y =

  411.4781
   72.3248
   82.1350
  419.8869


i9_x =

  131.3756
  138.7488
  556.0760
  569.3479


i9_y =

  422.6898
   19.0693
   76.5292
  391.8577


i12_x =

  104.8318
  112.2051
  510.3618
  528.0576


i12_y =

  391.8577
   89.1423
   24.6752
  411.4781


i20_x =

  128.4263
  178.5645
  514.7857
  581.1452


i20_y =

  275.5365
   84.9380
   79.3321
  272.7336


